16 256
-99.749748 12.717068 -61.339153 6.174810 1.700187 -0.402539 35.039143
79.192482 64.568008 49.320961 -6.517838 7.178869 4.210029 51.363495
-39.201027 -97.003082 -81.719414 -2.710959 -7.053743 -6.682028 98.862503
-10.861540 -76.183357 -99.066132 -9.821772 -2.442396 0.633259 57.128437
20.352793 21.433151 -66.753136 3.260902 -0.984222 -2.957549 5.713910
21.536911 56.663715 60.521255 0.397656 -3.960998 7.519455 72.677628
91.180145 85.143593 7.870722 -7.153234 -0.758385 -5.293436 86.233948
-58.079777 55.931271 68.730736 9.935911 9.993896 2.229987 39.253750
-46.757404 -40.543842 68.028809 -9.525132 -2.482681 -8.147527 67.730576
-88.756981 -98.242134 83.758041 -4.482253 -4.542070 1.758171 69.128326
67.522202 45.298622 -3.012174 -5.892819 4.874722 -0.630817 45.806072
89.831230 48.887600 -78.344063 1.980957 -2.295297 4.700155 60.906635
14.481031 -27.732170 -69.689018 -5.497910 -1.496933 6.057619 51.720562
97.997986 50.309765 -30.887783 -6.620380 3.146154 -0.162053 6.363954
39.951778 0.961328 -70.500809 8.991669 -7.168493 8.102359 69.299225
-39.390244 -14.688558 -85.924866 9.332255 3.663747 -6.935331 87.735458
64.336075 16.409801 -61.729790 -6.442152 6.343882 -0.494705 15.565285
0.784326 46.403397 -18.881804 -4.408399 1.374859 3.644825 75.595192
44.383072 -4.940945 -75.395981 -2.643818 6.693624 -9.298075 51.711407
32.596813 -14.755702 -79.064301 8.986786 8.427687 0.990936 34.608833
-5.655080 -25.003815 69.396042 -3.662527 -0.878018 -4.562212 98.307068
-40.440075 47.837757 13.455606 -6.080203 5.226295 6.788843 39.775616
0.180054 78.032776 -94.506668 9.892574 1.451765 -8.989838 53.142723
-61.186562 68.608665 25.351727 3.152257 -6.042970 6.843165 12.342530
-78.014465 48.625137 -37.186802 8.821375 -4.278390 -3.273721 14.036306
46.617020 66.924034 41.599773 2.004761 4.944304 -4.945524 14.457462
-99.676506 -87.798698 61.247601 7.052523 -5.788446 -7.687918 55.330898
-97.149574 -77.245399 -9.097570 5.044404 3.722953 0.868862 7.398531
-12.656027 -59.611805 39.243744 -4.192938 -1.266213 -5.351420 57.796795
6.515706 25.736259 -67.961670 0.082705 9.260841 3.915219 92.490242
-62.010559 -32.810448 -64.329964 9.903563 -0.851161 9.960326 9.760664
25.034332 -81.121246 -12.454605 8.630329 -9.031343 7.892392 29.011740
-54.539627 53.813290 -17.856377 -5.960570 2.561419 2.082888 45.171288
-6.729329 19.565414 26.944792 7.095859 6.575823 2.495499 72.100822
13.150430 -24.973297 -63.145847 4.758141 1.102633 8.101748 24.296629
-62.211983 20.944859 39.701534 1.692251 -2.974029 -0.110782 8.048575
48.149048 22.409737 24.076057 3.822443 6.090579 -7.017731 57.613686
73.546555 82.311478 22.940767 4.553667 -9.135715 3.355510 97.663132
-36.997585 13.840139 -38.834805 -6.521501 -7.828913 7.380901 85.132233
48.863186 -69.023712 -34.617146 -8.413037 -8.467971 2.819605 82.010185
9.018219 -10.348826 -18.204290 -4.025086 -0.688803 0.024110 15.275359
-35.392315 47.599720 -37.223427 6.533708 9.181494 7.466964 72.512825
-39.988403 88.799706 -74.553665 -8.685263 5.699332 0.491654 60.973774
91.222885 -85.546432 75.127411 3.077182 -3.557543 -7.903989 50.515083
-54.582355 -41.941589 83.996094 1.023285 3.256019 -7.709280 49.263821
-24.173714 -0.637835 58.671833 0.185248 -2.352672 3.763237 53.225121
21.256138 -20.963161 -98.821983 4.157536 -7.987609 2.461318 86.334656
-1.699883 49.467457 -0.619525 -2.397840 5.707266 1.056246 35.719707
91.143524 26.169622 -64.683983 -2.515030 -7.367473 4.865566 95.181969
22.397530 -94.433426 -34.031189 -8.881802 2.784203 -7.367473 84.717178
72.862946 19.376205 44.328129 7.079378 -9.706412 -7.470626 70.800735
23.429060 -56.486710 -86.809898 -6.621601 2.482071 -3.180334 31.950672
-26.487017 32.200073 60.478531 6.137577 0.530717 2.222053 79.828117
80.120239 -71.037933 26.035345 -1.951659 -4.925992 -7.269204 85.528969
-86.767174 -14.438307 14.670253 -3.954283 0.961028 -5.488754 31.144983
-77.874084 61.607719 -73.058258 -4.315012 5.762200 7.904599 78.973595
48.759426 23.044527 -27.774895 7.133092 -5.430159 7.271645 22.953815
-50.090031 8.481097 96.966461 -8.923918 -8.371532 0.493485 42.690132
-81.066315 -48.240608 78.307434 -5.344707 -7.069002 -7.498093 93.173859
-83.977783 -90.581985 -88.256477 -3.271890 8.294015 -2.027955 43.288296
89.233063 67.436752 6.845307 6.841945 3.870662 -2.046266 25.926317
-99.133278 5.117953 90.960419 -2.026124 -5.178075 1.711173 25.523474
36.802269 89.056061 -12.900173 7.804499 -9.856563 8.819544 60.165031
57.231365 15.335548 -71.514023 -5.553453 -2.339854 -9.914548 41.802044
-83.550522 31.986450 71.019623 -8.702963 6.221198 3.241371 69.158844
60.539566 6.027400 37.125767 -7.144689 3.790094 4.557940 77.783371
-93.786430 73.735771 28.904079 4.131291 -8.290963 1.039766 94.800491
-88.244270 -45.005642 -70.964691 9.635610 2.399670 -4.155095 92.258301
-26.493120 38.908051 -56.273079 -6.881619 -5.189062 0.428785 90.237976
-78.716393 80.529190 -11.655021 -8.397779 5.641956 -6.564226 97.449501
55.174412 74.077583 -57.872250 -0.867641 -9.924925 5.012665 11.414767
-19.058811 -37.772758 98.522903 -9.228492 -4.958343 -6.214484 24.778822
-69.298378 24.063850 77.074493 8.781701 -6.086916 5.593127 64.565811
31.351662 81.829277 -8.908356 8.425856 3.283486 -6.984771 63.644142
13.907290 -15.591908 88.604393 0.811487 1.571398 0.729088 25.538733
-20.609152 -29.947811 -92.675560 5.905026 -6.069827 -8.594317 38.951618
18.149353 -85.814995 -60.466324 -6.882229 2.886746 -0.913419 60.439697
39.469589 -11.740470 36.893822 -2.069460 6.714377 1.844233 19.969107
89.892265 75.200668 -21.658987 9.749138 -6.293832 7.914366 57.454987
-11.587876 25.467693 41.703545 -9.007538 -4.288766 -4.795984 40.773571
79.064301 42.039253 45.689262 7.921080 -2.128666 -2.051759 90.396675
-38.279366 -22.379225 14.114809 -2.928861 4.673910 4.907072 73.648117
47.886597 -72.136604 -59.965820 -4.548173 3.608813 8.222601 36.793961
3.530991 -78.124329 81.487480 -5.938597 0.359203 3.096713 43.862045
37.528610 -81.914734 -84.087646 -8.484451 -9.443953 -2.898343 30.732985
39.457382 -71.465195 -21.030308 -8.643147 3.514817 4.498734 19.880602
38.804279 23.142183 30.979336 0.879849 -8.033998 0.907315 4.972310
94.915619 -7.193213 93.993965 4.557329 0.619221 3.598437 69.290070
-25.577562 -22.275459 -90.008240 6.195563 -6.608783 -8.783532 31.065636
56.895660 -57.506027 -35.618149 -0.306711 -9.816889 -1.202735 50.795849
21.188999 51.707504 -19.785149 -3.003937 6.852931 8.846399 62.341000
99.456772 -89.306313 12.570572 7.271035 -2.264779 -3.871883 28.431889
-94.659264 22.513508 -21.762747 -9.627674 -9.379253 -0.885952 85.803635
87.353134 -19.620346 45.457314 2.231818 6.167486 7.508469 58.269833
19.003880 -84.197517 58.635212 -0.755944 1.812494 1.788690 56.930069
63.212990 34.549999 -31.284523 -9.795526 -4.653768 -3.168737 23.219326
54.203926 -25.650805 73.973808 -7.662892 4.511551 2.578509 89.404823
-63.396099 7.113862 80.401016 5.601672 9.304178 -6.052736 90.164734
59.483624 90.679642 69.762268 7.806940 2.574236 -6.290780 61.703167
-47.001560 -49.870293 46.440018 5.762200 -6.581316 4.277780 48.104115
-83.703117 61.308636 71.068451 -7.507248 -3.850520 1.466415 47.307583
52.409435 -61.626026 45.554985 9.900509 -9.692984 2.952666 69.174103
-65.172279 -85.576950 -45.005642 3.532517 6.778467 1.133152 37.132713
55.900753 -53.495895 27.646721 -5.366680 -5.908078 9.420758 28.184690
-95.422226 53.843807 -69.634087 -9.060640 -9.815058 -3.028352 64.397957
-31.351667 -17.087311 -16.696674 -8.186590 0.903653 3.985412 33.809246
31.504261 75.249496 7.095551 1.400495 -8.920255 -0.684530 26.008718
-14.639729 72.667625 -2.682579 -8.251289 1.316264 4.188055 77.856621
72.844627 70.110168 -41.398357 7.287516 2.898343 4.936979 82.873856
53.123569 74.382759 81.664482 8.250679 0.439161 -1.196631 10.773879
-29.197056 64.610733 -14.456617 -6.603290 -9.982909 3.149205 77.365265
-87.255470 -82.036804 -22.867519 3.677785 6.152225 -6.918241 14.295715
-90.307320 -30.771816 -96.288948 9.568468 2.952666 -8.926970 91.425148
27.494122 -13.657034 -95.788445 -5.148167 -2.161016 3.080233 78.198418
-95.434433 65.208900 -72.313606 2.685324 1.008027 9.669790 46.352356
-57.042145 -39.860226 56.431770 -3.149205 -0.387890 2.160405 10.261168
96.887115 51.164280 -69.823296 -0.871914 4.232612 9.974975 77.560585
28.330338 24.240852 89.220856 3.763237 -4.203925 1.343119 29.048361
9.646904 42.472614 -50.712605 0.933561 -0.147405 9.041108 66.992027
53.032017 24.674213 -10.849333 5.975219 4.910734 9.778435 20.472660
25.894951 81.963562 18.259228 8.367870 0.110782 -0.212104 44.982075
77.867973 88.079468 -63.414410 -4.960784 -5.939817 4.609821 94.122986
25.016022 -91.729485 28.269291 -9.309671 1.127049 0.889615 44.643318
-87.725456 99.206520 -74.449905 2.018189 -8.992889 -6.544084 66.033745
-33.512379 -36.808372 30.716885 -1.789300 -1.449934 -5.567492 67.861801
-66.710411 -0.491351 1.528978 6.054567 -1.298562 -9.909665 33.958790
-24.820704 -74.285103 65.465256 4.665975 7.822809 2.866603 65.069359
2.896202 46.794033 47.434914 9.141819 -0.683309 -2.734764 11.228604
80.932030 64.244507 -9.042633 -7.826472 7.388836 5.227516 3.922473
-16.666157 87.224945 -86.449783 -6.702780 -5.774407 -7.661672 59.121300
-76.329842 23.654902 16.019165 3.805963 4.631185 8.312937 66.982872
-40.299690 61.772514 -24.362928 9.949950 5.450301 -5.911740 17.066795
-22.348701 -63.756218 16.196167 -6.087527 9.202857 -6.194952 38.182549
-39.201027 -75.835442 -60.368664 -9.075289 5.423445 5.220802 88.113884
-99.645988 -10.275584 -14.725179 6.030762 -0.773034 -0.102847 74.948204
-52.299572 11.880851 -81.450851 8.440504 7.876523 7.140416 5.973317
-1.821953 26.407671 49.443043 5.121311 -4.885098 8.198187 79.208580
-60.075684 10.568560 -89.751884 0.443434 5.807367 4.083072 2.414859
46.348465 10.672319 82.842491 7.510910 5.938597 -3.891415 39.504002
-3.622550 -89.483322 30.393387 -9.982909 5.371563 5.123753 21.983328
-69.048126 -88.494522 34.122742 -9.346293 -3.082675 3.957335 79.825066
-12.747580 96.343887 27.109587 -4.094058 -0.460525 7.487106 7.938709
-79.802849 -71.355331 -71.398056 8.359936 -3.825495 -2.523575 81.393715
-90.673546 62.840664 -52.000488 7.957702 -4.869838 -4.612873 20.811417
-54.124577 69.231239 74.968719 7.753837 6.895658 2.185431 4.099481
-65.294350 -63.249611 -28.818630 -1.014740 -6.298715 7.889340 62.313534
9.268475 82.335892 4.519796 4.612873 9.986572 9.386578 86.752762
68.041016 -70.665611 -25.119787 -4.312571 -6.580706 9.475082 74.191345
43.321026 -93.823051 29.007839 6.254158 4.718467 6.363415 12.473760
43.778801 -24.985504 29.966127 8.308664 7.793512 -9.356669 77.359161
-10.226750 -98.486282 -54.277168 -1.630604 -6.868190 8.380689 50.179379
-51.426743 50.895714 81.304359 -5.730461 -9.357890 5.423445 22.834793
11.319315 61.278118 70.403145 -3.367717 0.778527 9.835811 86.945030
29.374063 -54.454178 62.559891 -2.579119 -2.662129 -9.300516 56.139637
-20.426041 -76.042969 -35.013885 7.980285 -5.970336 8.803674 12.516485
69.866028 78.789642 -10.885954 -5.557726 2.695090 1.201514 62.414249
-15.268410 -96.704002 72.826317 -7.207556 -4.651937 -4.160588 68.176147
12.289799 91.766106 21.445358 5.764642 -1.545762 6.367687 73.956352
-72.844627 3.305149 -95.983765 -9.860226 4.966277 -3.322550 90.222717
-7.547230 53.581345 -89.898376 2.619404 -9.516587 3.648487 96.918480
0.088501 41.276287 -46.812344 6.447035 2.932523 1.944335 26.371889
68.846703 -7.986694 49.632252 -2.967925 -9.710074 -0.469069 62.658398
-19.223606 -23.276466 -94.476151 -4.223456 1.937010 7.677542 43.227261
86.309395 -23.404646 6.625569 -9.798578 9.484848 7.303995 43.752178
39.927364 -33.408611 20.468760 -0.028992 1.192359 -9.219947 37.831585
-53.392132 87.469101 71.904663 9.282206 2.176275 1.679434 7.654887
-18.594927 -38.938564 -0.283819 -8.398999 7.495651 -3.914609 78.161797
86.577965 17.685472 -56.755272 -4.413892 1.214331 7.488327 25.016867
-39.719837 45.426796 73.320724 -5.378277 -6.185797 -1.064180 89.044701
14.865565 -94.244209 99.047829 -8.815271 2.383801 -4.861293 16.993551
-76.775414 -53.703423 -1.022369 9.196142 -9.014252 -8.407544 33.775677
-44.053471 3.109837 -1.889098 -1.754509 8.494216 2.021241 29.225368
-4.849392 -19.669182 90.264595 0.967132 6.698507 5.888547 80.176018
18.570518 74.016533 -36.387218 8.783532 -4.641561 8.866543 71.887199
-74.474319 54.979099 -5.423141 -6.481826 -9.466537 -9.167455 45.488682
72.460091 -72.777489 -97.106842 -5.744499 6.370739 5.944090 77.975639
31.699574 -40.250862 56.285286 8.430128 6.842555 -5.147557 49.886398
-95.397812 -84.856712 -93.823051 -2.875759 4.306467 -1.803949 18.052544
-40.415661 -63.579212 48.979153 -7.305216 -8.835414 0.512406 35.896713
61.345257 -68.236336 79.973755 -7.363811 -9.415265 -6.371349 81.817917
-50.157173 14.139223 -30.619223 0.798669 3.298135 7.415082 93.262360
89.056061 -78.960541 -69.353310 1.159399 6.005127 7.902768 7.261198
74.462112 64.482559 -22.342598 0.975677 3.439131 -0.981170 28.148066
89.892265 96.429337 45.609917 1.896116 -4.552446 -7.360759 19.804304
20.102537 -2.529985 -28.934597 -5.401471 -0.431226 3.835871 94.824905
34.226513 96.514786 -52.494888 0.271310 -5.283669 7.960753 48.445927
-34.708702 7.498395 14.157534 -3.269448 -3.036897 -6.615497 29.026999
-56.144901 84.563736 47.935425 6.140018 3.008820 3.733940 27.018883
53.373825 -87.115082 44.352554 7.181311 -3.168737 -9.112522 48.439823
-95.843376 67.638168 23.703730 0.811487 2.081057 1.373638 77.746750
28.006840 39.347519 51.988281 7.360148 -6.840114 -1.529893 78.656204
-95.715202 -12.326426 -91.570786 0.126041 -4.614704 -8.634602 24.494999
96.411026 1.290929 23.105562 -8.579669 -2.649922 9.110690 86.017265
-32.505260 -51.622059 -42.094185 -8.980681 9.854121 -6.550798 6.901080
-55.973999 -39.817501 57.371746 2.992340 -8.326365 -4.744713 13.657879
-56.492813 12.515640 -64.348274 2.645650 -7.861873 -0.925626 75.894279
-33.237709 -88.518936 -43.498032 3.885921 7.465133 1.351665 86.859581
-83.758049 59.080780 99.932861 2.699972 2.377087 1.895505 59.322723
-61.149937 95.776237 -53.697319 -9.154027 -5.218970 -4.897305 40.691174
58.989227 -45.506149 80.010376 -2.411267 4.551226 -5.870235 5.304962
20.914341 -29.203165 -27.750481 3.362224 9.520860 -5.527207 89.587936
-30.607016 90.704056 33.024086 -5.966674 -4.352855 -2.891018 53.209862
-41.801201 -56.004517 -80.077515 -7.865535 4.186834 6.876125 67.196503
63.829456 -98.846397 -1.730400 2.092655 8.706626 -4.187445 60.592289
49.381996 74.767288 82.445755 6.602069 2.118289 -3.902402 78.433418
-69.975891 8.523822 37.809383 -2.107303 9.863888 -7.961363 41.170311
-94.512772 37.485886 -48.222298 -6.619770 -5.427107 -6.219977 86.230896
52.659691 -90.478226 -3.353983 -8.876919 9.224830 -8.300119 56.557747
92.510757 14.780116 75.731682 -1.825922 -1.937010 -1.730095 65.862839
64.671776 89.037750 -43.375957 -9.955443 2.325206 -9.011200 65.615639
-15.610218 90.899384 20.792257 -5.982543 -1.712394 -3.188879 62.322689
61.680962 -99.029510 -78.948334 -2.111576 -4.462721 -3.664358 82.434395
70.702232 -37.693413 -60.466324 1.293679 -0.618610 9.902340 43.334076
-26.303905 -16.245001 -23.026217 1.608630 7.554856 -3.251747 39.348358
90.209663 1.828063 -16.281622 2.165898 5.535142 -8.326975 15.128870
-58.415478 -82.531204 -36.545914 -0.563677 2.582781 -3.344523 7.941761
22.904146 -71.434677 -43.858154 6.499527 -1.218604 9.888302 22.105402
-78.533279 3.799558 -47.080906 -9.852901 1.525010 5.411238 10.761671
93.841362 -26.114691 80.797752 0.434278 -5.546739 -3.947569 47.856918
-37.876522 -17.117834 52.946568 6.832179 -2.217780 -1.450545 72.427376
46.983242 -81.719414 -83.654289 5.061495 6.939604 2.756127 35.973011
-4.995883 -81.121246 -16.940826 -6.232795 -3.137608 8.267770 22.941608
-37.937557 -69.145790 -31.693470 -6.354259 -4.554277 -5.881222 17.256010
-32.944733 -86.913666 0.381482 9.273659 6.185186 -1.070895 91.309174
-64.146858 -3.616446 -5.581838 3.984802 -5.027925 8.734093 27.754377
-40.092163 64.488663 63.927124 2.598041 5.901364 -9.855952 26.106377
-42.094185 90.594193 71.892456 0.348827 4.150212 -4.876553 92.114868
-1.748711 -81.292152 65.196693 -8.466140 -4.347362 -2.322764 64.336914
3.018284 -13.693655 -71.855835 9.499496 -8.507645 -9.896237 91.489235
-17.667162 51.066624 -62.468338 -7.965636 -1.537217 3.558763 52.752087
64.842674 67.436752 -45.701469 -0.010071 7.408979 -7.020173 97.089378
7.675409 -55.864132 -86.651207 -5.907468 -6.045412 -6.141850 19.963003
91.357162 18.698692 47.758411 -4.112370 3.596606 5.722525 92.142334
85.686813 68.865013 -48.203987 -7.891171 -8.762169 8.075503 14.841996
78.551590 -28.116703 91.338852 -2.368541 -3.370770 3.691213 88.763931
-23.978394 -13.345742 34.928429 -4.658040 -0.343333 0.556962 80.215698
58.824432 49.266029 -2.664268 6.555681 1.180761 -4.424269 34.727856
-89.172035 82.250443 52.580345 -2.630391 -4.352245 -5.775017 32.466431
-89.971619 76.323738 -50.236519 -1.923581 -7.102572 7.505417 60.821178
56.730854 -60.631123 -9.659105 5.235450 -1.333354 2.729270 80.465950
-65.111244 -35.465561 92.638931 4.188055 -6.049074 7.257607 4.740369
48.643459 -92.791527 -73.833427 -8.352611 1.053804 1.379131 53.310577
-56.224251 -84.563736 -39.078949 -8.710898 -1.774651 -7.325968 25.178616
64.128540 1.754808 -46.256905 9.758904 8.330637 -7.565233 28.453251
41.392254 -5.813777 -41.050446 -3.107090 0.502030 6.222419 51.732769
-86.535233 65.843689 10.879850 -7.927183 0.191351 8.933683 72.320557
-5.215615 -9.738457 83.776352 0.976897 -2.694479 7.687307 65.981865
-75.493637 1.480150 -77.513962 -4.404126 0.929289 5.825678 36.928238
71.623886 48.869289 -7.229835 -2.806787 -1.158177 1.718497 37.913986
26.407671 11.520731 -3.482163 6.733298 -6.285897 -9.805902 10.935627
-91.875969 -55.644398 -48.808254 -1.794183 4.152043 -1.145360 13.316072
8.810699 71.355331 61.326946 -5.634633 8.476516 -3.732719 14.332336
21.372116 -97.943054 91.113007 0.744957 -2.262337 -9.752190 23.716780
77.141632 18.491161 -69.481491 -9.669179 0.704062 8.334299 65.282990
-55.107273 -18.887907 93.163849 -8.058413 -2.008423 0.122379 33.540684
-34.318066 25.083160 -49.845879 -4.200873 0.670491 7.973571 47.817245
